336 -203 -332 442 1
34 -573 32 -304 0
-218 -259 332 472 1
-360 -668 -737 626 0
-938 -158 226 -351 0
122 121 -829 -532 0
-908 649 621 -785 0
-504 -429 827 -669 0
-774 249 963 667 1
926 660 486 776 1
931 -958 739 145 1
63 -75 303 869 1
261 148 764 -625 1
443 -820 383 910 1
627 184 515 -63 1
518 -286 202 -836 0
340 689 166 -123 1
169 808 -880 -204 1
75 -564 861 -919 0
181 -489 254 232 1
644 347 -898 876 1
936 695 266 -412 1
312 748 -253 -925 1
340 766 652 -721 1
-21 823 -318 -97 1
-809 -178 451 -591 0
-491 -767 -90 -793 0
-937 -376 -672 -113 0
-804 456 -445 -231 0
613 -568 -138 413 1
495 -535 766 -15 1
-882 -445 -342 -606 0
-208 -665 -470 -730 0
213 504 -712 -970 0
-900 322 -797 243 0
55 684 682 -197 1
2 -946 208 914 0
704 -964 -197 -889 0
-526 -998 482 -612 0
-480 283 -792 -544 0
833 -624 799 516 1
742 -759 -83 956 1
-177 -517 -116 -55 0
-817 211 531 517 1
-406 815 107 817 1
-836 420 -450 211 0
657 -542 -203 263 1
46 649 -646 679 1
-57 -727 44 -322 0
-643 925 326 257 1
550 990 -651 -913 1
968 -150 -454 324 1
377 -643 -303 -593 0
-345 535 924 739 1
-35 -680 -897 338 0
-684 -712 -615 -937 0
832 384 401 625 1
67 -871 -608 945 0
-976 -933 673 -450 0
37 184 -289 227 1
-987 -391 814 268 0
-551 317 -488 -209 0
975 -908 -461 277 1
837 -950 973 -408 1
-262 709 -773 -189 0
-111 -61 475 -480 0
708 487 -71 796 1
702 -868 -52 -170 0
-271 901 135 568 1
445 391 968 -193 1
324 -389 833 -239 1
248 -125 -331 509 1
278 744 10 -629 1
-608 117 277 114 0
738 304 -489 375 1
774 -962 -616 339 0
-329 665 885 -741 1
-863 -306 920 -149 0
531 625 441 -639 1
50 -295 -117 -647 0
-532 -653 117 -401 0
814 389 931 -477 1
-352 -569 665 -719 0
-271 369 158 -784 0
507 665 -485 -477 1
-269 -426 81 -707 0
-219 812 -116 355 1
39 377 -720 368 1
660 -695 485 -752 0
-273 406 133 -303 0
-462 419 831 193 1
45 -937 758 528 1
994 799 8 -451 1
-829 121 -822 -186 0
409 -235 181 -99 1
-994 -786 479 548 0
958 -620 796 -233 1
-744 -933 100 625 0
-333 762 629 538 1
-353 -638 373 59 0
48 620 699 914 1
264 728 -502 987 1
960 510 980 574 1
-828 330 111 -408 0
637 413 -832 268 1
614 432 -294 -911 1
-442 -19 266 -282 0
211 -515 -546 498 0
791 497 -641 -966 1
510 -348 624 134 1
231 -537 973 163 1
625 -527 782 61 1
-241 613 907 204 1
361 530 277 -503 1
546 612 583 410 1
-32 -215 -339 843 1
-678 -160 -787 -389 0
-244 -107 -554 102 0
-556 806 -835 744 0
925 15 624 -601 1
-79 -714 441 260 0
45 -627 559 105 1
107 853 402 943 1
678 -906 673 -93 1
693 680 -245 -565 1
-498 -828 -222 379 0
667 -675 -576 -836 0
-246 -790 -752 -89 0
-686 -322 459 -920 0
-95 825 268 576 1
301 655 307 -78 1
-75 -237 395 641 1
-42 -564 473 -812 0
175 -234 266 -254 1
-53 198 64 934 1
-386 -333 628 157 0
78 -944 874 588 1
675 364 398 961 1
-483 340 -330 -429 0
-797 -967 -955 -949 0
520 141 945 -784 1
348 -24 -888 967 1
821 743 32 298 1
376 -30 -42 279 1
-676 -458 583 441 0
266 398 521 817 1
660 529 -122 869 1
-588 -991 297 -224 0
-9 -758 859 -851 0
750 -660 440 -943 0
-569 -427 -897 970 0
-420 -255 -872 -266 0
-166 -922 -865 793 0
-419 548 794 -317 1
-941 -510 502 -459 0
925 294 650 -250 1
-809 -274 750 -819 0
-48 -335 935 953 1
-693 104 -968 206 0
-55 -132 -619 423 0
-802 -738 456 417 0
230 -538 -968 548 0
581 31 -793 -597 0
-116 -20 -149 -751 0
775 254 521 -898 1
565 365 264 -521 1
-824 -307 774 -163 0
256 -70 840 175 1
-877 478 -178 560 0
818 704 -683 -312 1
-892 -310 -238 -589 0
-33 -422 -984 779 0
398 835 -325 896 1
-85 854 -203 801 1
-436 6 -564 -366 0
-160 -216 -882 793 0
109 590 -315 628 1
-267 303 -156 -259 0
-254 -763 -798 -575 0
721 682 193 798 1
-491 -465 -251 -972 0
864 434 -550 272 1
-574 744 -761 153 0
-498 -993 -383 9 0
-627 574 -904 253 0
815 224 408 111 1
398 -211 -457 495 1
-325 -490 483 -118 0
-659 658 -6 48 0
-946 -446 -655 352 0
800 914 -641 592 1
-929 453 443 793 1
596 -600 80 -118 1
-430 -357 -802 90 0
905 714 316 954 1
-877 66 -258 -759 0
-460 -999 928 254 0
-121 689 919 925 1
141 131 600 102 1
-57 952 994 -270 1
-865 462 -150 978 0
596 -890 778 343 1
69 -516 -537 -86 0
-750 -608 -234 305 0
712 -104 -863 -236 0
247 -897 291 -688 0
-351 -120 -734 -549 0
290 -933 -996 -820 0
130 -256 806 81 1
257 -872 -834 -680 0
365 694 -943 -10 1
768 -729 724 683 1
673 902 812 3 1
139 848 -345 711 1
539 648 -989 849 1
-78 -319 103 -353 0
-111 862 -450 703 1
-851 336 706 97 1
49 841 553 360 1
-164 -974 -264 -752 0
565 940 -35 -741 1
139 -969 953 -10 1
492 -835 814 -427 1
323 923 -983 -953 0
-850 596 243 -358 0
441 -40 -121 935 1
689 -379 851 798 1
881 -502 -520 -671 0
468 -684 887 -844 1
517 641 -977 971 1
-722 960 666 -757 1
435 -218 65 82 1
561 604 -568 -412 1
334 -720 861 -765 0
-702 486 520 744 1
-561 39 -869 130 0
253 -560 -688 -315 0
-337 -179 -693 198 0
-381 -897 -901 -586 0
158 476 -187 -20 1
835 47 -487 -170 1
-661 -443 -350 -393 0
896 168 574 960 1
749 -12 -312 -582 1
756 -203 -344 -532 1
-187 562 -89 -804 0
589 177 416 53 1
268 806 -785 -34 1
-260 783 944 8 1
919 985 -191 830 1
927 -35 -857 -369 1
915 -846 492 -611 1
-322 265 -1000 673 0
214 161 164 -51 1
-304 -736 70 275 0
-369 338 -455 -734 0
138 -237 -992 -825 0
-838 346 199 853 1
449 523 481 315 1
-385 -986 207 733 0
677 -80 642 810 1
166 922 364 116 1
275 341 -398 598 1
29 -723 192 165 0
556 754 -855 -931 0
-141 415 -632 397 0
-650 353 -636 200 0
100 -338 84 -94 0
918 -467 297 -932 1
-973 -608 771 231 0
102 364 184 -369 1
609 -636 787 -74 1
-706 -335 659 97 0
-877 -709 953 -782 0
-570 625 -881 645 0
449 7 183 576 1
574 291 482 782 1
159 731 -787 499 1
475 678 -597 390 1
-867 -272 23 107 0
130 -799 324 805 1
-563 -681 -340 -896 0
-485 961 106 -500 1
718 86 248 -598 1
394 -761 906 389 1
-137 910 252 45 1
-237 113 -283 676 1
307 -478 987 981 1
-925 194 -249 -584 0
-588 -745 680 -939 0
-372 374 877 582 1
697 226 913 589 1
239 528 -42 -415 1
-311 651 857 -606 1
835 364 -251 727 1
388 319 -116 128 1
-238 -872 969 -224 0
-977 -785 -656 -655 0
-294 564 -560 738 1
-417 562 503 422 1
40 -541 876 161 1
-322 210 357 -363 0
178 -437 -665 -717 0
-869 752 -734 -164 0
-409 -263 123 -233 0
433 -80 575 258 1
-844 -580 -21 -547 0
-649 275 354 -863 0
571 482 873 -266 1
-460 -607 893 -992 0
-977 -792 972 -298 0
-555 -341 -774 879 0
717 -762 674 -245 1
-868 382 749 -897 0
731 -946 154 930 1
-282 4 -815 65 0
179 -304 144 -679 0
879 -227 658 -944 1
-600 -180 406 -165 0
-535 -714 58 908 0
-989 26 -817 -830 0
585 -313 -883 -450 0
-579 -343 -32 150 0
116 322 451 -766 1
-627 184 -574 407 0
119 221 630 -744 1
-719 -591 675 -197 0
578 -683 -691 991 1
-675 -189 -49 51 0
-575 -140 87 81 0
821 -204 76 322 1
-247 -233 -88 443 0
609 -92 -584 -665 0
154 970 -75 -195 1
970 -898 -781 786 1
-893 43 428 -657 0
505 -31 542 -400 1
151 -985 496 -346 0
-654 139 -586 -595 0
170 -792 143 72 0
-184 -560 -831 -400 0
508 286 224 -66 1
715 -567 -485 -753 0
508 631 918 320 1
433 420 -428 -926 0
-121 -218 7 -257 0
919 -838 -613 342 0
-471 376 852 -455 1
-294 -47 177 932 1
211 374 152 -344 1
-408 -24 -565 295 0
696 680 973 351 1
181 377 -747 59 0
-524 -627 971 -151 0
991 -554 -554 770 1
-497 -468 -924 226 0
-256 56 993 384 1
-374 564 101 -13 1
715 329 -64 932 1
279 -631 -522 -373 0
919 -724 584 493 1
-240 -793 56 57 0
827 698 -916 -547 1
802 -426 565 -861 1
494 834 905 30 1
-418 -910 -434 -933 0
-770 372 -639 330 0
-240 650 -82 138 1
486 46 999 -917 1
598 -3 200 509 1
-365 560 -905 51 0
-290 560 629 245 1
867 -585 -741 -773 0
-172 663 -949 -432 0
-514 917 -144 775 1
143 213 931 940 1
692 678 -884 -970 1
-694 551 966 -167 1
-194 -291 595 983 1
-791 -11 245 -729 0
851 166 456 -368 1
378 592 654 475 1
181 912 191 855 1
327 661 -212 -13 1
-12 -968 431 70 0
-924 223 -169 -407 0
348 -82 230 -836 0
767 498 645 -267 1
762 135 208 -749 1
446 -927 -103 -601 0
-528 -787 308 850 0
863 -272 900 -701 1
-745 -567 377 -438 0
541 562 295 439 1
833 951 860 637 1
-957 798 -289 -488 0
803 -142 -251 442 1
-374 -421 826 -575 0
920 841 -67 -746 1
411 -311 776 -863 1
916 981 -378 -317 1
-892 -24 -974 234 0
57 -391 12 -399 0
896 -544 61 -712 1
406 883 849 45 1
-478 -437 890 752 1
163 933 15 -745 1
-384 -59 -527 -938 0
692 -350 -211 -285 1
916 503 423 -535 1
895 342 672 -810 1
668 189 -565 -130 1
203 881 -516 -432 1
-682 -707 -841 -113 0
-69 -516 -849 -878 0
469 688 687 -528 1
-369 -487 -633 215 0
644 247 880 800 1
-794 -49 571 600 0
-211 910 745 -497 1
-107 -38 337 887 1
-388 -551 653 -429 0
-922 998 -877 492 0
2 -787 -290 815 0
-282 839 361 -748 1
209 605 -987 803 1
-734 -394 120 -128 0
-965 329 -791 -473 0
-738 953 536 -366 1
810 -492 102 543 1
-67 -948 344 553 0
124 -866 -968 105 0
684 -21 -25 233 1
-609 867 434 -722 1
-398 160 41 647 1
965 -78 549 188 1
-248 -257 719 567 1
-586 -641 -637 161 0
-477 727 738 -47 1
-311 215 -116 -385 0
-795 800 462 -625 0
-890 -101 539 69 0
-570 568 56 564 1
405 -227 556 405 1
772 996 652 990 1
481 323 -68 -268 1
-589 -392 327 -550 0
-287 -25 -169 -229 0
-869 -887 -966 -789 0
-371 -421 659 735 1
-729 14 817 -921 0
-804 321 834 -89 1
-338 241 353 807 1
-295 -249 102 725 1
-502 -822 622 -819 0
-392 -751 -135 -540 0
-580 -572 749 -375 0
-635 -619 -63 -244 0
323 -982 588 132 1
-81 -740 405 -913 0
-595 410 -153 -180 0
-954 520 12 -361 0
-110 982 646 853 1
578 395 208 -556 1
614 925 -154 105 1
-392 -644 874 -401 0
-29 -134 22 -23 0
-57 671 807 -454 1
805 522 823 -814 1
818 149 475 -637 1
-184 885 -613 634 1
-974 -563 135 -809 0
-946 388 367 33 0
644 776 74 -609 1
-251 -889 -107 -970 0
539 413 -266 275 1
637 -305 622 743 1
707 313 514 -931 1
-647 527 230 -87 0
-6 361 751 435 1
146 86 636 411 1
-517 -910 843 -110 0
-993 -491 -210 890 0
-468 -525 -489 -369 0
573 -286 -639 -230 0
-510 -596 -216 77 0
-2 182 -767 775 1
-935 -109 -627 -689 0
251 -965 -791 175 0
578 -748 -185 712 1
27 -214 989 65 1
850 -309 742 760 1
147 89 -973 -777 0
518 -5 110 -185 1
438 -228 -416 -120 0
572 539 443 -33 1
-403 738 855 432 1
48 -117 859 13 1
769 -420 851 -75 1
49 -559 240 -663 0
-650 -722 -750 134 0
-746 -696 883 499 0
-943 729 -950 48 0
-985 257 380 -217 0
164 856 -233 -337 1
-382 770 -868 693 1
579 -569 758 -875 1
-900 -664 -888 258 0
-370 813 611 364 1
11 -197 -799 756 0
-450 -671 735 -900 0
-436 474 881 -510 1
160 677 318 -322 1
693 -108 -775 69 1
-788 680 440 -525 0
926 755 891 -559 1
901 -610 -929 768 1
176 -758 -928 -882 0
-65 -415 4 -426 0
636 162 -815 -130 1
-592 601 746 -178 1
-931 761 -114 259 0
-666 489 -772 -331 0
652 183 830 595 1
-17 -915 -838 -354 0
-965 -168 -205 244 0
-42 -701 -109 -921 0
-788 864 -342 430 0
-485 -85 -407 168 0
472 735 950 -214 1
-647 314 -448 -231 0
-261 440 294 -427 1
-872 -80 74 -706 0
-892 -730 -303 150 0
589 149 713 -535 1
653 -893 730 318 1
786 -975 996 -928 1
-458 676 844 271 1
226 -729 687 897 1
-198 918 -923 -566 0
-528 148 458 -590 0
-731 -32 -768 810 0
97 880 -860 -256 1
886 100 -568 969 1
-840 923 125 422 1
503 81 473 170 1
-789 447 -586 247 0
-137 -935 -536 -630 0
-856 855 -261 -791 0
574 -328 71 118 1
134 -274 414 -980 0
-124 -9 239 -665 0
-640 627 341 -357 0
-630 -445 -46 407 0
563 -415 969 -307 1
628 753 422 814 1
-316 -510 -588 -487 0
125 512 -137 947 1
-782 -945 -798 942 0
-676 -324 -286 344 0
-671 989 -806 -295 0
996 373 700 -834 1
701 -735 151 -307 1
683 282 -684 696 1
-868 -584 -381 368 0
-250 111 -840 -853 0
-222 -213 -416 818 0
328 848 -193 514 1
176 355 -922 38 0
-814 -973 587 514 0
-512 -161 960 -208 0
-750 -77 -585 -69 0
-200 774 -221 868 1
-109 514 -227 961 1
22 -672 -1000 -757 0
-795 -772 505 228 0
383 578 838 -803 1
-815 215 -416 -676 0
-290 -33 -726 -140 0
-297 623 -908 -271 0
276 845 501 -165 1
-167 -298 567 920 1
-581 947 -357 -15 0
202 -67 -410 -825 0
-562 304 485 813 1
-145 -195 885 773 1
-778 -829 -903 -35 0
-965 -218 -971 971 0
-799 -927 275 -71 0
-316 -494 -541 -447 0
-926 -700 -886 912 0
910 -415 -854 -228 0
-769 -55 880 -972 0
581 -337 -732 -351 0
-252 472 507 366 1
716 -358 -254 815 1
820 793 147 -522 1
598 -521 849 -275 1
-121 -139 314 925 1
955 338 213 -960 1
53 -139 656 -878 0
-298 363 569 -194 1
25 -127 -691 -163 0
657 -993 565 191 1
227 -991 929 -270 0
-196 -405 -873 508 0
-345 -562 -328 -508 0
-473 598 648 -128 1
590 -559 -552 307 0
-137 446 -807 345 0
543 -177 -823 50 0
62 432 -791 -411 0
-454 364 -218 566 1
831 431 -564 221 1
-127 -214 397 314 1
500 814 -730 -744 1
187 379 -864 754 1
-595 356 -930 -584 0
27 -108 832 -992 0
465 -907 371 425 1
407 674 348 297 1
840 -301 -814 -438 0
-861 696 -411 362 0
461 999 -818 827 1
689 374 147 -899 1
729 -728 -593 885 1
-499 -816 876 286 0
-464 793 11 716 1
-153 101 590 19 1
502 -783 -364 -691 0
611 -40 -750 313 1
-443 -498 -953 32 0
380 -36 -837 736 1
562 -58 -290 -795 0
-616 689 316 280 1
620 418 203 -927 1
718 305 15 781 1
753 -107 -757 -929 0
298 131 -898 494 1
908 803 -971 413 1
409 -616 -485 80 0
-75 -83 233 349 1
36 243 -189 -50 1
-392 -97 464 -723 0
355 -687 722 -28 1
588 -378 600 356 1
-250 668 -732 -656 0
66 -233 -587 -643 0
109 -734 -840 -608 0
453 543 -494 455 1
535 -714 -163 -681 0
-283 689 58 549 1
-544 -141 -524 -257 0
-663 -515 -738 -449 0
-622 -144 -727 988 0
588 620 -81 -682 1
-991 -615 976 -165 0
697 -220 760 769 1
897 -298 540 -503 1
-50 -427 -688 -888 0
679 -936 -367 -593 0
-837 589 -608 229 0
-744 -704 741 -282 0
-877 -440 310 27 0
590 159 -818 223 1
-998 -909 -284 -883 0
818 -845 -936 857 0
698 -798 858 -423 1
-752 591 -694 -582 0
602 380 -397 973 1
334 -433 352 458 1
-363 700 -206 -712 0
-320 96 396 152 1
88 -30 -108 165 1
-52 801 -771 811 1
664 585 209 -735 1
-897 555 583 430 1
929 183 -122 913 1
92 987 -720 255 1
184 -363 -202 878 1
-522 -932 -61 -730 0
693 264 -550 648 1
-530 -620 -478 -96 0
-773 -691 -499 342 0
-762 755 493 780 1
263 -898 -211 686 0
90 -936 -665 -430 0
-82 -707 999 -724 0
915 -909 -28 703 1
-152 760 16 436 1
-362 -576 122 390 0
-47 -212 -231 -568 0
-268 -351 118 927 1
-109 -572 352 62 0
654 838 -114 -712 1
684 -764 743 -778 1
867 -612 991 -535 1
-264 81 180 443 1
-193 -149 471 396 1
-685 464 -819 -844 0
210 -45 -552 981 1
-885 47 753 307 0
-287 -220 937 -362 1
-835 -964 318 764 0
-672 -13 89 -129 0
254 380 79 507 1
-397 -472 -118 -469 0
463 34 -842 -247 0
439 500 108 192 1
-312 -602 704 345 0
237 -4 -912 -394 0
-799 -617 536 930 0
-717 171 -883 104 0
-322 14 685 826 1
-912 -728 -699 -617 0
-729 305 -211 -850 0
214 903 -52 686 1
-146 -662 304 516 0
356 597 -830 -241 1
331 -987 -602 93 0
738 -7 948 -41 1
574 987 287 -630 1
-45 -775 113 -542 0
-528 -727 -198 -169 0
940 140 110 -655 1
649 119 5 -932 1
993 543 173 500 1
302 622 -818 25 1
-121 872 -642 750 1
180 -122 -931 825 0
-512 613 -714 304 0
217 346 86 -984 0
-976 188 143 289 0
332 -46 868 747 1
532 486 602 730 1
-789 518 -624 406 0
-332 -650 -303 -919 0
621 325 -572 -851 0
692 104 763 -912 1
-324 -178 623 408 1
-541 834 -840 -103 0
-485 388 -488 -200 0
-279 -417 -452 941 0
196 36 -995 545 0
114 -591 805 -724 0
-114 -549 318 55 0
-865 558 -727 192 0
-101 -552 782 -282 0
-877 965 -258 -997 0
-227 -857 559 405 0
-82 -305 -401 -17 0
-379 -192 657 -478 0
702 -932 -398 -848 0
-247 583 457 -247 1
733 -276 -363 726 1
420 648 465 -485 1
159 -184 -927 132 0
-257 -831 334 -719 0
-239 -754 248 -135 0
-145 382 -434 205 0
74 942 -133 -665 1
-79 731 286 -468 1
798 -932 225 560 1
-902 -831 316 -583 0
-568 -959 -71 271 0
-277 958 -679 -711 0
-329 628 774 -538 1
259 538 -579 -33 1
-239 68 -257 200 0
50 164 -604 -229 0
661 -581 194 -909 0
-270 273 -592 318 0
-290 -305 165 292 0
-458 787 761 499 1
831 -389 48 507 1
-146 -643 146 -310 0
552 585 86 -161 1
-406 983 -826 -262 0
408 -608 574 147 1
-677 385 -186 238 0
-816 329 -724 445 0
44 940 -6 -668 1
572 -954 -528 -369 0
-165 897 -614 -466 0
-124 -649 752 -410 0
162 -631 -385 -454 0
-340 -647 -148 -272 0
-311 558 -769 534 0
-376 -933 -248 157 0
678 351 -904 725 1
965 -794 690 650 1
-229 945 -295 308 1
443 -690 -753 -565 0
581 535 931 -356 1
-921 137 -845 877 0
-653 -389 -713 -789 0
610 756 -581 944 1
688 637 -896 -512 1
-744 -473 441 -328 0
-438 253 43 -561 0
-371 304 -193 -190 0
858 -923 300 -186 1
-240 -905 26 -492 0
-892 55 -405 90 0
-639 -775 -352 -332 0
-887 106 558 924 1
-89 -911 435 -651 0
81 -286 508 -830 0
-741 378 140 -836 0
-859 878 -954 -5 0
809 -134 934 218 1
925 -325 246 268 1
-788 -144 516 -91 0
-334 978 302 356 1
753 543 -44 -835 1
537 -494 429 -79 1
668 88 560 542 1
913 -536 889 684 1
711 -414 406 -371 1
449 112 -189 -65 1
299 -678 -304 -593 0
-336 -468 483 514 0
863 646 -164 -457 1
-883 -679 -13 -552 0
853 -754 777 -214 1
-963 -675 841 -547 0
-283 -317 10 577 0
462 463 686 295 1
-973 666 342 -555 0
435 53 -71 395 1
-450 329 747 -78 1
719 -235 154 689 1
205 543 428 891 1
-514 -475 814 -237 0
149 52 -716 -375 0
-629 -125 -645 193 0
-280 -534 774 -282 0
486 422 -224 -42 1
905 -207 350 -862 1
-491 755 939 -552 1
669 -180 648 596 1
146 86 585 -181 1
130 -694 529 -984 0
854 862 -24 698 1
-166 343 227 -272 1
637 -665 562 -163 1
952 247 322 341 1
15 212 131 562 1
-558 -419 -542 -656 0
-318 -322 429 -861 0
572 -74 -616 178 1
-279 117 -514 562 0
-313 147 -419 774 0
445 661 692 -377 1
-108 -609 284 -484 0
-682 -32 -707 29 0
-16 -448 75 430 0
560 -295 -385 -189 0
-27 -347 -807 -751 0
-848 -774 -358 -202 0
36 -355 -9 80 0
903 -803 -199 642 1
-307 -331 292 -400 0
249 -658 -750 618 0
469 619 -327 896 1
848 -851 -803 40 0
351 741 753 445 1
-313 37 -46 470 0
990 -85 186 -950 1
-555 -326 -22 -293 0
664 341 101 -489 1
881 410 -926 590 1
-518 805 976 54 1
-626 11 678 -486 0
777 107 932 159 1
-638 -320 517 -30 0
599 -131 -870 151 0
512 -679 -393 974 1
-340 -126 -414 -877 0
-825 -72 51 -911 0
-145 -905 -1 -505 0
-311 -936 878 821 1
-510 274 763 879 1
954 806 -478 -165 1
701 195 747 -144 1
567 -519 682 -732 1
999 10 -506 17 1
-195 960 -743 -897 0
579 -25 -173 301 1
850 -467 621 272 1
-654 510 -4 -343 0
-503 -147 384 436 0
-420 -506 -28 721 0
511 -75 -210 -913 0
578 -27 -632 -83 1
-343 169 789 -583 1
396 -937 -726 508 0
619 -700 -558 -842 0
-88 -710 -187 -74 0
150 354 4 929 1
-271 769 33 -370 1
-962 -669 844 -134 0
-197 714 -121 -311 1
220 400 -309 -120 1
133 715 -207 554 1
-582 -456 342 838 0
748 980 -725 -277 1
561 1 -81 -684 1
356 -536 181 879 1
265 -606 435 358 1
-608 -717 899 565 0
-324 502 15 453 1
871 521 548 -361 1
-921 -926 186 704 0
-100 -236 791 -42 1
-292 382 121 -756 0
624 931 -234 907 1
175 -510 -919 -193 0
-120 -333 -113 -330 0
251 -950 -968 -680 0
-90 -577 312 985 1
-437 -326 -136 47 0
721 350 -19 -332 1
903 199 921 952 1
599 565 -251 -680 1
456 -187 -729 -771 0
297 -568 -649 -974 0
-89 -471 -892 -541 0
-155 395 -506 822 1
713 499 900 50 1
107 481 -742 552 1
-839 -176 -355 -570 0
-386 958 -669 394 1
615 675 867 181 1
-922 688 -901 477 0
216 30 569 -715 1
721 54 364 -596 1
-973 -303 -759 521 0
599 -228 -311 -116 1
465 -699 872 338 1
118 -941 -664 690 0
-829 551 471 955 1
433 117 -432 -805 0
910 344 -131 493 1
-759 -122 85 950 0
561 -677 895 -492 1
-417 -569 -713 684 0
-816 134 734 -22 0
772 956 416 837 1
-120 543 -854 429 0
-991 854 -423 -782 0
669 371 131 -74 1
536 -840 -962 660 0
844 131 -434 -531 1
-605 88 -753 859 0
724 665 -343 -829 1
-455 492 -424 -839 0
-241 678 842 -370 1
480 -358 -109 541 1
-556 275 -707 -437 0
-78 182 413 -857 0
-203 -199 840 -111 1
-523 890 -144 -175 1
-226 -5 -303 535 0
-879 199 196 -223 0
-774 941 -657 -87 0
623 574 -998 979 1
-16 -222 -879 323 0
934 778 198 197 1
-237 733 108 220 1
-704 266 -619 -853 0
402 769 265 260 1
338 -450 193 -18 1
967 -691 -385 672 1
-855 448 -363 -522 0
905 -531 -77 305 1
257 -890 -380 54 0
-369 307 75 614 1
-781 462 738 -771 0
473 225 -654 857 1
183 136 -695 737 1
555 -516 -185 -179 0
-753 4 31 -92 0
-274 -500 923 788 1
-960 153 -143 496 0
-838 284 584 998 1
-82 -662 -322 -551 0
-917 -904 442 -430 0
363 -202 649 -509 1
-2 -921 -917 613 0
863 389 -672 285 1
613 371 -961 996 1
133 376 575 681 1
770 -851 -44 710 1
-106 118 -367 972 1
-646 -719 -92 476 0
-983 -462 797 -61 0
-465 -749 914 -68 0
-597 408 -599 -529 0
-504 -977 224 -510 0
224 660 985 -853 1
14 824 827 -502 1
210 298 -476 -103 1
-247 159 973 -253 1
500 598 931 19 1
693 -262 402 514 1
-301 -620 -348 -409 0
504 -276 112 -520 1
111 758 539 -889 1
176 -550 -174 417 0
-154 105 -400 -134 0
540 -727 155 310 1
-495 910 996 -883 1
-974 943 720 -11 1
-803 -71 671 -363 0
-771 697 251 978 1
-273 159 239 112 1
-701 -989 160 -81 0
582 802 -745 439 1
-32 -516 -877 415 0
-246 733 -999 169 0
634 -65 -726 502 1
812 -636 60 288 1
434 156 -935 305 1
962 -916 -797 -676 0
-328 75 -769 636 0
-679 402 10 949 1
-975 321 -980 21 0
-278 315 960 18 1
860 -847 54 -721 0
-904 255 -320 441 0
-781 -852 -643 391 0
439 159 114 -945 1
-491 -930 570 501 0
998 -41 -151 264 1
23 488 -91 -460 1
228 907 -757 727 1
-544 -501 -487 -12 0
755 877 409 -95 1
960 161 736 -280 1
392 -129 -475 -381 0
884 345 538 -395 1
-43 368 -586 -94 0
-597 904 35 -7 1
-734 30 917 286 1
227 232 922 530 1
-789 -198 -163 -902 0
365 987 -815 909 1
-732 -180 -47 197 0
456 374 128 -517 1
309 -833 -575 812 0
711 -401 -59 86 1
-282 -968 139 -546 0
-875 753 662 -35 1
-759 -563 815 4 0
200 765 898 862 1
61 618 -923 747 1
995 -941 -893 583 0
-497 829 -391 45 0
-703 202 799 -800 0
435 764 -69 -735 1
606 560 -650 464 1
-704 -874 -932 -94 0
737 -244 -496 729 1
-902 227 632 411 1
21 463 -312 -610 0
-929 481 -622 -226 0
124 638 -140 -510 1
-173 930 364 -391 1
492 403 31 -808 1
116 550 -544 -954 0
748 -454 192 742 1
79 359 469 770 1
358 -310 980 -155 1
262 442 729 874 1
-380 175 109 -228 0
180 -730 503 -134 0
-113 577 -102 56 1
-542 -693 -721 763 0
-694 948 -730 258 0
-86 -718 -693 584 0
728 -580 -330 158 1
522 -548 -413 -83 0
139 502 393 -104 1
701 -214 225 -836 1
460 166 -548 111 1
998 -131 -399 157 1
820 234 -42 -271 1
-697 797 -458 724 1
403 759 32 57 1
-682 -213 287 17 0
430 -130 -307 823 1
71 -500 327 737 1
-228 200 -105 928 1
-966 503 922 380 1
-317 304 527 -843 0
765 732 -358 -507 1
862 -832 999 -810 1
911 556 232 66 1
691 -557 294 234 1
-842 782 616 179 1
527 731 393 -510 1
-853 -133 908 479 1
899 -171 133 -906 1
912 560 84 255 1
-49 -301 125 -785 0
-630 336 -529 254 0
-375 -861 -30 528 0
-408 -765 -720 -238 0
67 -805 436 33 0
-462 -586 -836 710 0
-926 298 512 307 0
129 -47 476 195 1
-197 138 822 53 1
156 -806 -294 -443 0
-439 -470 461 421 0
-647 823 478 76 1
608 -258 75 -218 1
-745 -430 514 -199 0
-984 987 -718 286 0
472 -279 740 552 1
-779 -253 -810 -315 0
-723 913 395 126 1
-559 89 642 -150 0
549 -651 437 -670 0
620 651 448 -625 1
129 -256 -436 739 1
570 -351 -886 395 0
-615 671 -480 567 0
-549 616 -259 -606 0
-602 266 624 929 1
-451 -839 -556 -124 0
-212 798 -96 792 1
45 -856 702 220 0
721 107 120 130 1
-97 308 226 738 1
164 888 959 -182 1
939 402 -226 -972 1
212 772 -721 -357 1
160 705 422 472 1
-564 202 -880 -54 0
980 -345 -246 954 1
431 -835 674 929 1
591 752 798 279 1
-970 501 918 -727 0
236 -438 -617 135 0
-422 752 724 -555 1
866 -607 -297 -12 1
-354 -490 567 307 0
154 -404 86 782 1
627 836 -132 490 1
-110 134 377 -342 1
-482 779 -395 -174 0
250 -221 -903 -762 0
717 308 -552 -147 1
-53 -4 -13 -897 0
-379 506 -520 897 1
-226 -36 71 -361 0
94 496 -400 420 1
325 624 515 -707 1
137 -857 -632 -544 0
592 -797 399 103 1
145 -367 -394 -15 0
-175 -534 -339 902 0
346 -802 728 -678 0
-130 -113 82 29 0
770 -792 -916 57 0
488 133 351 24 1
538 -629 351 484 1
-9 -456 -620 -242 0
873 372 85 421 1
697 -64 -635 448 1
562 718 716 -873 1
-889 601 -399 583 0
47 88 -730 -525 0
-294 428 -48 -592 0
903 767 552 565 1
-755 53 -874 498 0
-411 -304 503 502 1
-504 446 -793 24 0
567 -678 -275 385 1
878 980 274 329 1
-841 -741 771 -673 0
-983 -83 -291 -983 0
3 -874 -613 -680 0
37 -608 562 -917 0
637 -598 955 546 1
249 638 673 -227 1
-417 -82 -440 -149 0
-918 -637 -311 649 0
190 8 -726 -906 0
-92 88 -52 -786 0
703 -962 506 -807 0
-732 433 600 -675 0
279 -225 -591 -308 0
804 -215 -614 828 1
487 -583 208 -135 1
-104 -644 533 562 1
729 -730 56 -952 0
42 -200 -578 951 0
-611 547 -940 165 0
-641 76 598 258 1
-408 -611 -828 622 0
938 -212 416 297 1
602 89 472 14 1
-15 -913 908 371 1
-58 282 872 -7 1
208 -843 -797 213 0
414 62 591 673 1
634 -330 364 -386 1
-834 -969 779 942 0
705 -166 138 -140 1
-897 -626 -583 -365 0
576 -77 579 -134 1
-195 -993 400 360 0
-987 689 790 253 1
104 314 -663 123 0
-522 -258 -71 -160 0
-802 -972 738 669 0
245 -712 392 655 1
-900 76 406 941 1
208 -111 452 730 1
-132 -444 -186 42 0
793 584 -812 441 1
-298 138 323 655 1
-575 -692 369 -765 0
-894 731 276 -572 0
579 811 -646 325 1
-67 -259 -372 172 0
485 -455 260 545 1
-706 624 668 610 1
-174 -403 -507 -701 0
983 527 -917 850 1
-176 -666 146 386 0
-27 -141 -78 562 1
-808 740 -832 784 0
119 -892 -93 -70 0
-770 6 39 914 0
-582 -630 771 381 0
-357 -649 261 124 0
684 -575 -62 -314 0
87 138 189 758 1
-300 445 -497 -969 0
796 -187 626 -128 1
-434 873 -325 95 1
-789 -58 -424 -628 0
287 271 515 771 1
-877 987 -406 966 1
66 678 -690 -612 0
365 272 -259 809 1
528 722 -176 956 1
396 738 -454 -914 1
-66 -241 -347 -989 0
-341 -681 -917 -753 0
914 -170 828 875 1
473 -497 782 -329 1
-300 -609 902 47 0
913 -595 544 -288 1
905 539 530 -59 1
-913 858 -33 765 1
-879 50 128 -905 0
399 193 -764 -101 0
-502 637 249 655 1
-91 -634 740 -246 0
-837 -977 496 849 0
175 -216 332 558 1
517 -317 417 -749 1
393 377 -453 996 1
-664 -534 -835 -266 0
382 -554 203 227 1
716 -545 117 -999 0
93 583 228 681 1
318 -892 193 553 1
-825 981 162 171 1
830 107 -638 333 1
-279 -834 -845 770 0
-611 -918 608 -130 0
493 288 273 -251 1
-712 534 308 -302 0
531 -848 336 332 1
922 877 699 -471 1
-571 -458 676 477 0
985 -223 -379 851 1
350 -979 -581 -765 0
-194 -107 854 -516 1
599 993 316 899 1
-160 146 336 -195 1
49 115 -697 -675 0
-347 420 891 611 1
-621 -409 -355 -673 0
733 -850 769 377 1
227 -83 -748 -674 0
673 -144 -346 -913 0
969 520 437 643 1
704 458 513 -690 1
-677 -803 -717 -782 0
461 -228 -454 -723 0
-102 585 327 203 1
272 -50 -380 -297 0
392 -709 400 371 1
531 -373 876 713 1
-370 -872 508 -635 0
968 228 28 8 1
-978 490 52 -669 0
-882 -403 -239 -324 0
829 195 -363 340 1
-71 -98 -976 58 0
-738 476 226 118 0
-871 87 504 -916 0
812 -144 944 313 1
-687 -493 666 445 0
964 -756 772 -562 1
288 777 752 -490 1
-250 -485 465 970 1
367 -584 -688 -588 0
303 374 197 -236 1
-891 -821 -439 95 0
744 -182 931 -698 1
-911 -639 855 741 0
151 -832 -173 542 0
143 325 -817 134 0
-544 139 558 -413 0
-510 -273 -207 236 0
953 882 579 -833 1
-619 -569 -210 -201 0
-628 58 834 348 1
796 886 596 -28 1
-832 -632 -642 -58 0
-723 -112 -756 -284 0
73 -476 -999 -417 0
174 874 -185 841 1
-96 108 585 -989 0
290 933 869 549 1
-432 -942 41 238 0
-414 -645 -715 213 0
-695 -188 227 469 0
346 396 467 -896 1
890 795 -872 885 1
44 706 -299 -863 0
-851 305 752 510 1
826 -885 623 -364 1
-295 460 -475 871 1
-979 -571 253 -600 0
540 -760 -77 -796 0
-902 598 -69 -266 0
242 569 -106 -151 1
-769 632 579 704 1
-998 -909 52 -212 0
-644 389 -476 973 0
929 504 -210 79 1
-272 423 262 191 1
411 134 534 -301 1
618 -746 616 -687 1
-700 -567 705 -22 0
-797 149 -65 611 0
822 197 154 173 1
359 -277 170 514 1
-971 693 693 -374 0
-938 803 -33 -13 0
-994 800 784 105 1
471 -858 312 -807 0
-994 338 -403 27 0
303 223 -91 -212 1
235 -604 -368 -598 0
797 -676 579 -579 1
-945 -995 -593 -958 0
435 8 -517 -995 0
296 347 238 -233 1
745 191 -489 -223 1
709 269 438 551 1
-129 947 787 -696 1
605 -66 -773 -132 0
498 434 171 347 1
-481 484 534 162 1
-580 -364 354 329 0
-312 336 705 646 1
910 -4 980 959 1
-236 519 511 -376 1
-459 74 135 694 1
-447 299 794 -702 0
-604 370 -414 19 0
-415 532 342 -904 0
-229 637 630 -529 1
-540 -841 -953 -757 0
365 -238 649 -80 1
953 -485 -667 442 1
-553 -991 957 117 0
518 734 724 -550 1
-630 -71 398 507 0
-661 516 -636 -978 0
776 752 -673 749 1
-571 -325 378 317 0
728 -106 -366 705 1
-653 -528 1 -291 0
-151 281 136 -714 0
-223 211 -388 155 0
604 33 -865 362 1
-958 -673 -335 -508 0
848 -103 14 763 1
-162 527 821 478 1
482 -555 -654 -590 0
526 -800 278 482 1
307 -88 830 188 1
556 -231 -290 -762 0
458 -367 904 545 1
915 419 -641 -669 1
133 -381 937 500 1
-805 -53 -269 -394 0
786 -49 328 -57 1
-813 340 361 -129 0
-393 -993 -408 635 0
-818 461 208 -586 0
724 480 -935 679 1
-751 31 337 -344 0
635 455 -539 -512 1
-274 -925 27 774 0
-6 110 894 705 1
784 530 286 -488 1
39 -743 278 206 0
-31 -901 -79 663 0
332 -522 817 -653 1
218 546 -703 962 1
132 289 -43 663 1
462 -756 617 854 1
-298 117 11 -889 0
177 -197 -57 -758 0
340 708 -453 -922 1
689 157 -864 554 1
-410 -640 -923 673 0
-976 -425 988 95 0
71 915 -465 -944 0
487 -379 754 641 1
-429 -399 947 -304 0
888 -598 148 168 1
0 -411 -904 642 0
-482 -427 -959 212 0
-547 -186 -804 65 0
-132 257 867 -993 1
-576 637 683 58 1
236 396 824 315 1
-871 522 -331 198 0
877 451 -945 990 1
673 -387 -450 809 1
-941 330 -273 -749 0
910 863 -581 681 1
117 704 797 463 1
273 -169 936 475 1
41 894 736 -386 1
-232 -434 78 647 0
-502 47 148 -164 0
862 512 744 181 1
250 -588 -328 521 0
328 71 182 558 1
995 695 568 354 1
198 821 -159 -740 1
-854 701 -215 464 0
-926 969 623 -649 0
-190 414 -331 669 1
-373 -43 -746 24 0
-404 -85 -143 199 0
720 -631 -110 58 1
-107 913 7 635 1
105 486 -305 -922 0
-653 -342 522 -803 0
765 -492 -333 -829 0
50 689 246 -719 1
661 -880 664 375 1
-710 -49 833 -296 0
863 949 -851 488 1
-980 505 594 587 1
805 -622 770 730 1
204 -845 576 508 1
733 -275 -204 -706 0
-203 -135 897 264 1
-742 -190 75 -932 0
887 736 -301 -778 1
-359 -942 -436 920 0
762 -781 73 -487 0
-466 -690 -181 186 0
-774 306 -775 -247 0
-534 493 372 287 1
-524 -188 -599 577 0
127 342 -762 722 1
633 -740 -116 -350 0
-75 717 -722 -643 0
-211 287 258 -659 0
819 -614 651 294 1
-650 -991 -744 -830 0
-4 -72 841 -736 1
149 610 530 -401 1
816 569 967 -568 1
-693 -571 256 373 0
529 213 -946 316 1
-635 142 195 -526 0
607 719 324 -765 1
-19 -65 -308 615 1
-333 -890 789 31 0
787 -863 -701 667 0
-140 -151 -356 -303 0
220 474 783 448 1
-518 689 68 -99 1
-944 359 -560 976 0
113 193 772 527 1
2 79 -159 11 0
240 -12 432 791 1
338 807 -52 545 1
-611 -659 -720 26 0
-897 -312 164 944 0
-259 791 -176 342 1
671 -192 -688 -659 0
608 926 -370 744 1
-187 -649 -334 781 0
419 -13 314 910 1
-67 -313 -271 685 0
471 72 364 -82 1
-187 -285 -424 653 0
-743 504 -829 -305 0
319 325 -839 118 1
239 716 402 -338 1
-37 141 139 -465 0
280 -712 420 268 1
210 -787 -287 -66 0
-437 -870 -807 943 0
264 -56 -79 476 1
-189 -629 -738 -602 0
414 617 -1 -915 1
-851 -353 -230 668 0
-963 454 235 498 0
842 -659 84 699 1
239 -806 -274 -172 0
997 432 -456 -386 1
357 609 -674 -709 0
-378 -567 -110 -175 0
42 965 80 -113 1
13 -449 712 837 1
-18 -326 413 -713 0
-931 -576 265 644 0
485 -111 645 -157 1
630 -187 744 -935 1
361 -163 291 794 1
961 948 -351 803 1
657 535 770 100 1
308 -1 -577 633 1
812 257 857 -714 1
43 619 -933 393 1
972 94 155 -64 1
686 -548 -359 -568 0
-600 339 -727 220 0
511 -103 681 -447 1
-897 -471 86 160 0
-255 599 -938 -608 0
-545 548 225 -570 0
-389 -946 108 173 0
-602 899 -39 537 1
940 -503 -189 753 1
241 97 -494 -362 0
-103 -857 1 -274 0
851 822 159 236 1
-213 899 288 -136 1
-180 -636 986 -562 0
-95 -969 260 73 0
326 -291 -927 879 0
-539 -599 573 -534 0
92 428 721 285 1
-223 301 -998 -761 0
-850 -716 368 21 0
210 786 918 -954 1
475 238 -684 -259 1
-409 -959 -726 576 0
439 -610 -455 -617 0
522 -693 782 144 1
-911 392 -418 -111 0
-791 -524 -557 -137 0
-659 38 844 -402 0
-919 743 689 -41 1
-586 -601 -360 487 0
-504 -494 284 -373 0
958 644 804 138 1
216 576 -256 258 1
-663 158 768 -1000 0
879 -135 987 673 1
313 -579 -103 687 1
-951 -49 -985 -861 0
366 953 860 -218 1
-566 506 19 97 0
-310 -966 -14 -477 0
609 -74 214 330 1
-280 -87 -960 340 0
-380 163 -640 -580 0
-405 -464 -873 -637 0
10 -166 534 -632 0
944 2 -610 -158 1
-869 -937 531 449 0
-423 384 -265 -776 0
-92 -169 -655 660 0
-734 -255 526 -693 0
930 -625 -102 42 1
-280 723 538 -34 1
240 -23 -138 169 1
-695 -643 647 639 0
-609 -469 414 -412 0
-690 993 907 459 1
274 629 -319 576 1
-61 -406 486 113 1
-532 -25 848 -477 0
-759 710 335 546 1
802 907 -145 917 1
-545 287 -626 -51 0
132 -304 725 -813 0
959 -718 597 496 1
-559 -481 -517 319 0
-91 -864 -532 -947 0
-613 -624 -124 -225 0
486 804 170 471 1
859 -91 938 -663 1
299 772 -333 -735 1
606 684 -98 820 1
941 -4 -797 699 1
566 590 -847 812 1
-394 -631 413 429 0
-125 489 -128 -108 1
990 711 634 557 1
587 694 -563 850 1
628 -764 -895 237 0
-168 805 830 -740 1
123 -249 -423 95 0
631 373 -894 -246 1
875 437 253 918 1
-17 680 192 306 1
246 -811 -297 690 0
-517 782 -280 -887 0
-645 -57 -291 -319 0
296 -843 868 -647 0
940 706 914 -559 1
327 849 65 -545 1
612 -713 -25 132 1
-92 252 850 921 1
767 -305 873 788 1
-493 904 -272 -98 1
-950 -476 -80 -853 0
-75 -43 594 816 1
881 -828 -950 189 0
-55 -573 881 662 1
414 -414 169 -891 0
47 -455 -202 -192 0
-608 347 -477 431 0
536 -369 -453 -719 0
605 -57 266 190 1
-557 700 -328 -159 0
-350 -268 -952 898 0
-630 463 -979 -278 0
151 465 314 880 1
-707 -884 517 584 0
-534 -397 789 -526 0
466 -457 -112 -743 0
636 -516 -700 -649 0
586 -133 -408 -883 0
-246 -5 -314 499 0
-649 967 -709 531 0
835 424 959 937 1
-142 736 -511 486 1
-742 -719 838 413 0
-556 -232 935 664 1
781 -565 910 435 1
10 -566 -23 -789 0
-733 -821 -389 -36 0
451 -60 646 710 1
-236 -490 596 854 1
-368 10 184 -163 0
518 -589 369 -583 0
-848 361 557 170 0
-926 620 -510 345 0
-996 -22 105 -262 0
-832 908 -196 -824 0
-739 -8 -872 -826 0
-638 -448 903 819 1
717 114 -448 -831 0
-532 860 797 725 1
86 -544 397 -477 0
92 -563 37 -899 0
-873 -791 726 807 0
-277 -713 906 622 1
-252 199 698 322 1
-531 -475 535 687 0
659 -716 688 682 1
-743 68 -810 298 0
-500 505 372 689 1
355 988 854 269 1
-886 296 -552 892 0
-654 -668 -579 -149 0
-674 -385 -319 -350 0
20 15 -313 -206 0
936 -32 44 313 1
679 -741 -565 -337 0
622 762 85 -818 1
427 4 -560 558 1
-769 943 725 -615 1
-908 -819 -262 -151 0
-952 467 323 962 1
-151 -616 -568 -713 0
199 -554 -647 48 0
-790 -664 805 -608 0
244 595 327 -123 1
759 -246 4 468 1
105 445 193 318 1
462 788 639 21 1
-493 58 502 -487 0
548 403 717 -58 1
802 -728 -998 838 0
560 -788 775 517 1
752 609 -96 419 1
28 942 716 -934 1
837 326 189 -586 1
310 -498 -70 -591 0
515 591 632 351 1
730 -733 929 -502 1
-483 -314 994 315 1
673 -238 -965 459 1
-372 -819 -765 -807 0
-988 117 11 98 0
-579 -919 -771 -455 0
629 44 -818 359 1
473 -98 820 -611 1
-353 155 -496 -30 0
204 639 355 996 1
438 -338 952 905 1
-262 617 -361 -89 0
-773 -751 984 -516 0
-771 351 377 809 1
-88 808 -659 477 1
89 -651 684 253 1
-790 422 557 135 1
691 -755 34 130 1
932 545 520 377 1
277 -111 -681 -501 0
687 832 -483 678 1
-313 151 -3 -258 0
907 -793 160 -842 0
917 -338 -625 -731 0
846 -769 -220 217 1
-87 616 -606 212 1
522 -710 -238 79 0
-132 -662 -953 -556 0
-621 -174 574 -553 0
157 -151 788 298 1
-212 -931 -737 -196 0
-493 -250 877 -454 0
-825 386 344 -673 0
-905 -331 584 212 0
-773 -185 313 -79 0
-371 397 -529 -312 0
-422 -797 70 -832 0
990 763 449 -640 1
-115 -235 346 647 1
-919 116 854 -784 0
-897 -570 367 -976 0
406 -716 148 528 1
733 245 979 -280 1
922 991 -670 371 1
680 919 -356 380 1
769 -143 404 -115 1
-854 -378 717 -616 0
747 -317 148 121 1
-219 919 137 -599 1
17 -882 717 925 1
23 43 925 -901 1
-154 152 280 -904 0
-959 487 -204 -618 0
200 436 234 -638 1
285 -971 -909 973 0
-193 -965 898 -716 0
-711 164 -903 -673 0
150 663 454 -419 1
704 718 616 830 1
530 283 448 -430 1
906 260 804 -798 1
822 -874 307 807 1
771 866 651 -133 1
333 38 182 987 1
-819 -164 849 -143 0
-348 -97 336 413 1
-756 836 242 404 1
-456 655 325 -915 0
-82 732 336 609 1
679 -828 -405 143 0
-460 -873 -829 107 0
563 303 793 974 1
171 -155 848 938 1
-990 273 670 -483 0
-496 860 141 -629 0
780 961 782 -607 1
-701 -497 604 522 0
892 966 327 -526 1
-467 606 -521 -348 0
-757 -467 630 946 0
-272 -826 -392 -832 0
-974 399 -370 -190 0
299 936 559 676 1
81 -434 -860 -795 0
-76 -272 -20 308 0
-223 940 -885 -24 0
-153 -409 -630 -763 0
-545 258 877 56 1
-597 766 -799 805 0
-939 216 68 872 0
806 -530 308 300 1
20 415 -53 485 1
822 290 -69 -624 1
938 -922 998 812 1
-151 -650 33 -323 0
-223 179 626 -3 1
-588 -622 390 250 0
-989 -376 752 -844 0
970 -972 423 -294 1
883 979 -850 680 1
624 -761 935 -606 1
410 -334 252 -506 1
-122 -695 71 -879 0
625 871 -783 -293 1
-409 296 -133 -457 0
-259 -293 -465 873 0
844 -721 146 864 1
639 73 381 -130 1
591 378 435 -699 1
-72 639 169 -95 1
686 435 -995 901 1
-477 732 -199 -816 0
-69 -284 489 -894 0
237 -189 -83 343 1
-917 305 -971 -745 0
580 718 91 345 1
-116 675 242 321 1
-985 696 -922 865 0
-856 -12 83 -85 0
805 -888 580 -860 0
-913 -826 624 -151 0
197 -443 -242 -259 0
-113 545 -174 789 1
818 551 -503 -268 1
937 904 67 134 1
289 -303 -361 -456 0
-872 956 77 925 1
239 -250 -692 -645 0
-118 479 623 428 1
-259 -869 2 98 0
701 -463 -155 -928 0
541 -215 786 917 1
762 -622 341 665 1
12 994 -538 285 1
-508 -964 -480 417 0
-283 846 600 -623 1
401 991 -217 -154 1
-659 -38 -629 224 0
-794 97 -772 519 0
870 -202 -910 -710 0
-46 55 -168 -810 0
154 -461 -256 -625 0
-78 470 81 272 1
715 -45 139 -410 1
-490 959 634 -830 1
-421 216 285 -83 0
730 553 516 -953 1
564 -731 -975 -139 0
105 -988 505 950 1
-851 -301 -354 725 0
-248 -661 -833 530 0
-602 -164 -655 504 0
624 17 249 -902 1
422 -617 891 -393 1
-947 651 685 -398 0
-859 -912 717 -241 0
-931 219 949 -330 0
921 867 600 319 1
-240 -347 -489 -758 0
-897 417 -558 435 0
-812 993 845 925 1
-588 631 -978 -383 0
745 221 -620 -900 0
-918 -261 240 201 0
633 -945 500 454 1
739 -946 128 461 1
-605 -568 -93 -165 0
900 -913 416 -75 1
-521 489 -418 -609 0
237 -196 772 292 1
208 614 -443 825 1
309 -327 511 -77 1
-895 730 -775 676 0
713 -496 299 -965 0
-137 -15 -780 229 0
-350 748 297 -360 1
50 724 -757 647 1
795 -766 740 -709 1
532 -826 -395 650 0
-931 -658 -938 36 0
-71 -663 181 548 0
360 264 138 535 1
-861 -78 -522 899 0
518 -801 -543 980 1
-178 -1000 -862 -293 0
570 862 449 61 1
-532 -406 -981 -670 0
790 448 -414 -321 1
365 617 -337 -69 1
-907 702 354 578 1
-104 -27 14 216 1
50 -223 881 -877 1
-494 650 -761 4 0
966 75 -500 961 1
60 -353 695 195 1
-303 673 -360 638 1
-957 179 382 751 0
-439 -484 -984 168 0
574 512 -244 -727 1
-689 438 775 662 1
962 812 238 -577 1
-232 -981 -325 -146 0
-872 -379 468 224 0
-485 417 -877 780 0
-187 285 -208 -249 0
-695 -824 934 -932 0
20 789 406 477 1
-871 958 -250 -176 0
883 579 -937 951 1
495 984 -599 704 1
-851 495 -195 -239 0
-465 -293 415 684 1
-79 246 609 -308 1
946 213 -49 871 1
285 -607 -589 710 0
307 639 -593 697 1
860 -803 -528 708 1
-952 -838 -835 -133 0
-471 803 -983 -195 0
218 355 -412 492 1
440 -838 802 -168 1
284 539 -678 282 1
396 -65 904 -56 1
-646 -518 942 264 0
809 -587 627 -70 1
364 -630 289 156 1
687 -709 19 -623 0
-137 815 709 251 1
-951 -5 683 -850 0
36 -945 -681 595 0
476 -516 -582 -966 0
276 -201 990 -53 1
453 878 0 612 1
-175 -709 -563 20 0
254 -546 670 -596 0
-516 20 658 -177 0
46 -540 -281 378 0
-820 -677 4 853 0
769 833 283 -321 1
910 -188 -784 405 1
64 -773 -581 314 0
-642 -138 563 451 0
-152 940 -368 315 1
399 975 51 -361 1
514 -821 740 761 1
-223 -977 229 -545 0
896 382 615 -590 1
-361 -198 496 293 1
855 183 -140 -898 1
916 825 429 -976 1
-814 919 918 500 1
-387 47 -412 -762 0
-208 608 143 -607 1
-691 -693 -115 -577 0
-369 999 587 237 1
507 -841 -328 196 0
-489 -86 89 286 0
-807 -853 626 -849 0
-569 -206 70 394 0
672 655 -708 -139 1
-94 -446 562 20 0
644 202 435 -904 1
764 -719 949 889 1
-491 -990 708 -896 0
-709 -500 -4 460 0
29 678 990 -922 1
-36 -774 -407 604 0
847 -195 -984 -278 0
-632 485 902 683 1
-231 -412 11 -352 0
879 704 -789 -340 1
-194 578 -677 307 0
-178 -682 425 -630 0
227 -550 501 340 1
-138 348 -934 851 0
527 -537 125 321 1
660 -597 28 227 1
-423 -919 664 438 0
-627 518 315 968 1
-264 -16 -691 349 0
-932 299 721 -868 0
-875 162 -376 -270 0
-319 -619 361 -620 0
678 680 -331 -555 1
641 -152 94 -979 1
-155 941 531 -329 1
-922 769 752 -822 0
698 560 -30 -218 1
-737 4 -973 517 0
326 -464 -406 -784 0
-214 -386 -44 473 0
-483 -305 759 71 0
-745 665 891 -374 1
834 17 36 -216 1
-304 16 265 -527 0
-830 -610 -1000 -912 0
-699 -451 -662 -543 0
493 613 -55 306 1
287 38 -451 988 1
765 478 -765 486 1
773 326 -244 393 1
-148 483 -668 656 1
171 717 449 914 1
-353 -33 -670 470 0
-101 -160 -39 -736 0
549 -921 -490 54 0
882 -141 419 683 1
959 968 324 772 1
378 448 -616 -213 1
656 929 16 -652 1
689 -406 -638 707 1
784 439 -914 -431 1
458 -625 915 -501 1
-609 432 -295 123 0
-511 -301 575 688 1
-218 794 17 -125 1
954 405 -39 904 1
-508 124 -589 677 0
-32 368 -298 561 1
512 -230 563 241 1
167 -248 809 -734 1
842 -386 816 -427 1
71 582 786 854 1
933 605 709 159 1
-310 -827 769 156 0
-283 626 136 131 1
-923 630 -916 -10 0
854 853 381 251 1
-140 -963 -772 -150 0
-990 589 728 -338 0
-152 90 480 11 1
-520 200 -196 575 0
-690 -19 711 628 1
967 735 -128 -172 1
-907 198 429 -799 0
348 492 -635 -74 1
339 389 464 -537 1
-914 -508 -771 -428 0
-313 -2 804 -134 1
-549 -744 -227 -287 0
167 -703 997 542 1
728 502 -844 810 1
4 729 -53 853 1
21 164 961 -14 1
407 80 167 -664 1
-67 -870 980 -623 0
699 -912 969 743 1
-997 580 563 369 1
-388 4 -695 -657 0
-293 663 -297 749 1
465 918 -474 380 1
708 328 762 249 1
989 -859 340 640 1
-775 630 262 701 1
39 860 226 -915 1
-82 -449 960 -966 0
145 608 117 -91 1
-954 -639 169 135 0
-67 -152 222 -537 0
209 -796 -217 749 0
-518 95 539 736 1
740 -561 473 -249 1
-853 -118 -706 -621 0
-605 329 352 -656 0
-575 -738 -87 -713 0
292 708 897 339 1
-933 -878 -833 -609 0
862 -65 -499 -948 0
650 171 446 -572 1
186 -351 -607 373 0
-613 149 -282 874 0
-664 421 864 -190 1
771 892 -239 -250 1
767 316 -780 955 1
114 -816 -910 419 0
333 -868 507 -758 0
-32 14 -536 269 0
-709 -954 114 895 0
73 831 971 -86 1
-443 -715 -750 179 0
-921 -304 577 -80 0
-516 246 852 -949 0
-782 400 -733 -238 0
-199 -110 534 -844 0
484 894 -318 -183 1
851 784 -628 -489 1
452 -949 131 -856 0
189 893 635 -256 1
-169 -812 929 -418 0
-837 -543 417 808 0
414 -589 189 -581 0
-156 291 305 383 1
-867 555 390 399 1
-901 129 -370 -618 0
430 807 -89 564 1
-924 -74 -320 937 0
-768 809 967 -307 1
-831 900 -686 318 0
-200 -998 702 292 0
843 -903 199 291 1
-421 642 840 -565 1
855 313 -839 399 1
173 614 293 0 1
-700 -316 260 919 0
-931 -303 310 -214 0
-534 685 286 -916 0
218 -782 -198 -693 0
784 715 -556 269 1
-787 627 517 -433 0
-911 282 157 -265 0
46 642 -724 -383 0
-226 765 387 -643 1
-845 850 -958 580 0
-553 378 -629 -903 0
-714 -260 -264 451 0
242 82 226 -152 1
-533 348 390 103 1
725 795 -700 -925 1
936 93 810 114 1
495 900 12 475 1
-212 -569 249 -299 0
70 726 53 337 1
584 123 605 985 1
-521 -538 -651 -309 0
-938 -938 -503 -749 0
947 -906 188 -902 0
359 659 939 607 1
870 43 -395 398 1
-55 192 -503 -638 0
-161 203 -693 -698 0
611 315 -532 -36 1
-678 756 -185 56 0
-893 931 971 494 1
-823 242 630 622 1
683 85 458 466 1
-916 114 -1000 -795 0
972 -649 -321 947 1
-79 -611 -507 -355 0
-155 213 -271 324 1
-367 622 438 822 1
124 -330 795 400 1
-453 479 -40 856 1
-887 459 732 69 1
964 -397 791 -448 1
-532 150 -981 7 0
631 -44 663 -478 1
918 796 -228 986 1
207 -107 -327 -733 0
611 383 -879 -604 0
754 -229 882 -570 1
207 -469 542 -498 0
224 -281 688 -875 0
-850 493 582 -705 0
-540 -820 143 -476 0
-318 103 844 19 1
303 -987 280 -475 0
35 527 -867 -74 0
-394 469 -691 -745 0
-98 -636 782 -446 0
-196 388 763 -116 1
-676 216 -748 731 0
130 -405 -246 440 0
635 -424 -965 612 0
998 -70 565 -949 1
-678 759 -148 30 0
640 -788 162 718 1
335 780 -420 -697 1
225 115 0 522 1
-236 413 -118 742 1
424 -561 -896 5 0
-604 -462 796 705 1
794 -510 -845 744 1
879 -262 -581 -415 0
602 443 -285 -53 1
277 858 738 924 1
217 661 301 -186 1
-97 -74 365 54 1
385 76 -528 -996 0
93 639 -340 859 1
720 123 811 -769 1
-951 -682 25 -492 0
-329 -916 -910 63 0
-946 -663 618 367 0
-912 249 -493 850 0
-686 -295 510 -449 0
-541 -188 605 -640 0
552 -739 576 463 1
-144 180 -198 -253 0
764 -895 -40 583 1
-939 12 211 527 0
789 -9 916 136 1
-363 249 431 -932 0
-103 278 589 224 1
336 -720 -830 -443 0
313 -78 -901 241 0
-629 164 265 -40 0
-977 -839 397 898 0
177 6 143 701 1
791 -641 832 -960 1
-266 692 608 298 1
792 81 -338 262 1
765 101 -815 987 1
280 618 -460 -985 0
709 512 191 569 1
-732 712 -242 398 0
-78 397 740 833 1
430 485 -374 199 1
245 103 113 -507 1
-669 -25 -515 527 0
-823 998 940 -301 1
674 -368 449 37 1
351 307 -784 -687 0
-613 82 -695 -862 0
743 70 197 -549 1
-151 -829 -720 293 0
-441 -412 685 -880 0
-22 542 528 79 1
215 350 -711 430 1
-56 -247 -790 -924 0
-168 -677 147 93 0
416 707 582 -1000 1
-58 830 475 -89 1
724 787 838 119 1
-41 509 61 595 1
-715 -386 659 182 0
499 -639 -3 -183 0
-328 -447 -880 -204 0
529 -329 -384 917 1
344 -249 468 606 1
-495 253 636 -638 0
-383 347 905 445 1
641 -648 -37 -979 0
204 -408 -587 24 0
-871 -11 -47 134 0
648 557 966 -534 1
-794 852 764 -173 1
-48 -440 169 909 1
-681 -365 -550 -703 0
-247 244 263 -227 1
-868 -128 625 -886 0
654 -542 -769 480 0
533 -575 654 712 1
-515 -102 844 309 1
539 -635 805 -394 1
587 595 700 -312 1
-800 -639 684 725 0
388 630 869 645 1
701 475 -847 248 1
523 -645 -951 -644 0
-382 -984 911 361 0
-711 994 58 -42 1
744 597 468 -185 1
-746 819 938 141 1
840 384 317 -238 1
-976 -695 -182 -564 0
380 215 -201 -495 1
716 -351 73 489 1
-634 -500 886 -994 0
-416 -545 111 37 0
316 881 -736 583 1
802 579 -45 438 1
127 -192 106 -447 0
-316 -818 118 -608 0
59 556 286 577 1
355 -598 913 -325 1
-141 -671 572 -641 0
-204 672 -790 162 0
863 -618 535 -373 1
-433 -64 -917 -194 0
-196 244 718 344 1
-974 26 18 786 0
-403 314 -103 -395 0
756 312 -746 -685 1
15 636 -449 -295 1
-768 610 -353 821 0
-904 -908 636 -240 0
21 100 88 -684 0
364 732 208 -494 1
-889 473 -353 -724 0
-153 904 607 72 1
-947 -607 -36 -327 0
-273 -445 -968 35 0
-73 241 -152 -36 0
-430 -98 -637 -748 0
39 -913 887 707 1
-780 603 47 -95 0
698 221 150 -993 1
747 198 -372 168 1
-293 789 235 -882 1
-721 555 -403 -185 0
-270 970 -124 795 1
-178 140 251 339 1
-12 890 -195 706 1
906 -254 -317 -145 1
-547 376 -156 -524 0
436 539 -537 248 1
-37 -393 -402 5 0
767 172 -964 864 1
836 617 -617 693 1
168 790 799 -20 1
-777 -939 -299 391 0
-575 32 -935 645 0
864 404 -300 -901 1
-146 409 550 -77 1
-83 -31 -394 850 1
386 -311 -976 -163 0
-285 -112 308 -92 0
-839 -203 365 90 0
-698 -332 644 37 0
494 -744 617 210 1
437 -276 544 -30 1
338 889 143 774 1
114 481 889 370 1
-352 -896 997 -52 0
452 529 678 -118 1
248 -50 757 -804 1
-60 92 158 -62 1
67 30 -91 229 1
-836 -187 -968 614 0
713 -418 -630 -387 0
-618 -784 296 -133 0
659 -608 -151 566 1
-194 -964 438 57 0
806 888 284 987 1
625 -386 463 -465 1
169 194 324 250 1
-393 579 352 787 1
-737 626 -610 183 0
-40 412 -157 706 1
-215 -90 851 852 1
-57 -938 -472 -638 0
731 949 585 137 1
-371 32 -87 657 0
249 315 513 -483 1
-297 72 635 -455 0
-837 116 42 -410 0
-275 640 539 724 1
587 -785 967 -169 1
882 457 309 -485 1
-731 351 325 -460 0
-925 -954 -865 669 0
-490 -946 46 231 0
-131 943 -512 -724 0
-948 -785 -653 -696 0
-218 -75 -633 -97 0
-909 219 905 -138 0
719 414 536 416 1
-388 -910 92 -383 0
606 15 499 699 1
5 -9 352 968 1
935 460 772 77 1
-538 -627 -96 220 0
849 -610 -93 -811 0
-812 233 -309 320 0
760 -988 361 -395 0
211 237 774 29 1
-226 779 -121 -805 0
886 -521 -490 723 1
921 22 -344 281 1
-565 -544 -380 -781 0
-633 331 -173 -471 0
-27 883 -971 -993 0
-250 421 548 -331 1
178 274 673 -45 1
-677 -811 633 880 0
-876 -10 290 680 0
-796 -844 70 -326 0
-52 -474 520 165 1
322 730 971 175 1
-40 -61 -495 291 0
629 -677 -451 -176 0
508 521 -490 -636 1
252 -944 -723 -321 0
-950 -263 200 -476 0
790 673 -122 -137 1
246 120 -129 -510 0
-916 -740 -557 63 0
-794 978 468 279 1
126 -562 -868 -578 0
631 584 829 24 1
366 -639 813 780 1
20 -676 194 -645 0
937 -508 -463 -50 1
-559 -420 837 0 0
-702 328 -895 -980 0
-250 -961 89 874 0
-837 162 -508 158 0
290 -739 318 -66 0
-168 411 -84 7 1
-14 -63 918 -967 1
-204 920 -675 -943 0
-141 632 -503 -524 0
150 288 -953 579 1
-159 381 388 -343 1
-892 864 -579 -368 0
-603 -516 -919 178 0
-10 106 394 918 1
2 875 567 1 1
-191 -70 198 -43 0
-645 -186 378 -909 0
771 909 52 465 1
386 -653 320 -244 0
-875 -759 507 -709 0
711 -858 390 -329 1
-227 124 -549 -465 0
-295 60 -222 -914 0
753 -22 459 -148 1
137 -526 998 513 1
-377 -774 -186 -249 0
-821 -725 -757 630 0
-623 -769 -263 -119 0
-657 -174 472 -222 0
647 235 -640 -910 0
-370 676 -773 -340 0
-992 215 233 -625 0
-813 330 -768 -797 0
743 -566 -865 175 0
592 -45 -396 -203 1
-742 939 -586 -367 0
264 -96 -584 146 0
483 -349 -614 334 0
-539 214 416 -973 0
589 920 923 651 1
-843 179 -343 -558 0
-314 247 -210 5 0
-901 266 857 -796 0
-137 -136 42 120 0
60 488 734 258 1
500 -730 -730 -920 0
928 -837 210 -300 1
-75 -579 177 224 0
-506 174 -218 -681 0
170 14 313 321 1
44 -811 382 -99 0
305 -644 865 -720 0
-402 -810 791 582 0
-899 -960 -1000 -125 0
-17 -769 518 170 0
-638 319 280 -592 0
123 -642 60 310 0
576 690 -650 -28 1
-326 -427 -50 62 0
566 -71 791 210 1
-353 420 -813 -4 0
-432 592 264 335 1
634 681 -764 -741 1
214 710 701 -540 1
210 604 -685 -456 0
557 741 701 291 1
-56 364 -795 -560 0
475 776 -705 92 1
64 317 64 744 1
-199 -147 156 459 1
-129 279 746 608 1
626 262 -211 102 1
-466 861 661 943 1
-974 -297 435 773 0
-71 -614 -673 241 0
-84 19 -465 314 0
602 -12 336 691 1
169 -387 268 -531 0
-833 -149 -149 540 0
-594 91 -220 -124 0
715 -263 -334 375 1
-11 -277 -198 -997 0
-687 699 -296 -650 0
786 484 694 575 1
378 69 -423 974 1
101 -219 600 868 1
464 662 828 -437 1
325 986 76 992 1
814 551 256 889 1
546 793 63 401 1
-618 -161 -336 291 0
-187 -524 -801 -416 0
714 -687 614 824 1
-324 744 -379 -637 0
-886 160 814 -876 0
-695 74 162 195 0
-932 -909 -219 677 0
783 -613 575 -579 1
879 260 390 -271 1
-644 171 -734 -527 0
455 341 -398 -374 1
350 514 77 -184 1
-488 -993 -335 -933 0
-551 341 -512 178 0
841 -637 890 -805 1
133 483 548 865 1
91 897 -599 -739 0
646 -311 684 -335 1
-606 517 401 -972 0
515 -959 -67 -297 0
-410 682 301 185 1
-366 -289 -78 -86 0
-162 314 -10 -442 0
-784 236 758 284 1
839 -112 -484 -936 0
242 975 562 398 1
-568 -605 762 112 0
-537 -774 -674 581 0
483 -710 -803 -106 0
301 -7 79 354 1
278 745 -957 -175 1
975 -817 -78 -329 1
630 209 10 905 1
834 -423 556 -196 1
420 344 -997 -43 0
-875 -484 -793 17 0
163 195 -933 760 1
-221 -485 -726 955 0
-721 -385 -365 570 0
535 -830 -845 -208 0
-377 -769 -134 863 0
673 -882 -679 -299 0
749 -747 -828 678 0
688 659 -991 -397 1
-70 -651 -29 227 0
-721 -947 -776 -71 0
946 -883 721 -143 1
761 -350 48 -847 1
-922 -277 306 -637 0
-143 -922 913 -914 0
-979 -851 337 -14 0
204 -696 986 638 1
834 567 309 588 1
585 634 -937 -752 0
521 840 -311 -9 1
-775 985 -258 917 1
150 111 853 850 1
276 680 -214 921 1
956 508 85 -151 1
729 -360 -784 -635 0
932 323 318 -312 1
-732 588 -162 -57 0
-526 -824 -153 425 0
-774 668 -555 882 0
37 38 -520 -51 0
489 951 -741 -256 1
700 24 -430 -703 0
-130 -786 450 810 1
673 958 517 613 1
-152 -816 -681 496 0
739 -862 68 -382 0
-932 -275 -544 788 0
-68 -719 -200 450 0
956 42 -415 157 1
498 -555 823 -34 1
55 -889 977 319 1
652 -10 500 206 1
771 -813 58 -34 1
730 -914 79 -800 0
-686 -861 78 344 0
-457 -286 -756 -849 0
32 -14 618 604 1
798 -496 362 -454 1
-689 848 123 444 1
15 640 -559 -642 0
410 -893 -84 672 0
348 -720 30 889 1
-464 378 -824 -335 0
-492 924 -789 -181 0
976 346 -212 366 1
419 -137 840 338 1
326 665 -177 -921 1
-678 -320 469 16 0
-671 347 226 919 1
-982 26 -803 245 0
807 -95 261 -822 1
789 -726 -529 93 0
620 18 -646 -728 0
-659 152 -466 -425 0
963 847 532 20 1
485 -67 815 -857 1
667 -427 -677 168 0
797 -148 -347 -195 1
489 -45 368 -912 1
-287 62 522 -185 1
925 84 -661 -97 1
-66 656 -34 907 1
-883 784 -669 -409 0
-363 578 996 240 1
597 -685 442 -829 0
594 201 463 -336 1
-843 -843 -987 -401 0
-410 573 626 100 1
-203 219 -545 -536 0
-627 877 -440 329 0
-675 -353 -891 730 0
372 529 864 722 1
-286 -909 -919 510 0
203 709 616 -706 1
-427 130 -533 297 0
-726 388 -483 13 0
228 103 222 542 1
-839 -471 -503 -569 0
-777 848 648 -511 1
-382 -1000 -727 -878 0
-732 -45 554 866 1
187 -482 423 -114 1
-892 -731 114 196 0
-383 -474 -641 -963 0
570 -7 -57 968 1
-695 531 43 238 0
-691 -240 783 -664 0
937 -946 -917 650 0
419 -107 -901 562 0
-424 -844 -260 -561 0
449 -278 -373 -546 0
277 -747 -450 676 0
-847 -889 612 560 0
739 -66 158 907 1
361 -415 -215 748 1
112 405 397 -594 1
738 411 -890 345 1
418 945 532 -869 1
-482 560 307 -657 0
-750 -80 -966 -619 0
-560 407 -899 720 0
562 -415 970 -777 1
-870 185 -524 -398 0
-935 65 -624 -914 0
723 -765 -892 295 0
-869 -72 139 713 0
115 667 -728 343 1
-245 733 871 455 1
-597 -801 607 893 0
313 649 -880 276 1
436 694 -709 -245 1
74 135 603 783 1
-299 -826 134 -712 0
-1 -989 -401 115 0
318 -753 -453 404 0
748 -303 -490 -997 0
-647 355 272 723 1
507 -553 -627 766 1
-399 962 243 73 1
222 -633 304 313 1
-521 -184 838 5 0
-704 352 43 -393 0
-55 48 630 410 1
-802 -878 -984 -289 0
-819 839 -430 -35 0
-429 12 -222 412 0
780 981 913 -619 1
101 -99 42 -731 0
153 -225 -193 -70 0
-93 742 618 260 1
-474 -931 -256 682 0
883 826 -385 468 1
3 -75 -791 348 0
-840 -186 427 -757 0
596 657 -809 195 1
-633 -939 -705 339 0
-791 -220 12 383 0
225 916 -221 -353 1
-655 -777 -738 268 0
407 -502 912 766 1
-781 -835 -566 -592 0
-291 -195 430 -327 0
405 368 510 292 1
-633 -829 -533 81 0
-420 -621 -449 -873 0
747 101 697 753 1
-286 -142 293 -713 0
171 935 -161 -203 1
-862 685 -404 -127 0
212 745 615 350 1
-308 551 44 929 1
-654 -850 -597 -611 0
20 -275 403 -761 0
976 582 118 179 1
525 -783 905 457 1
-366 937 -97 -693 0
509 830 39 67 1
-49 -168 -285 -268 0
-166 144 131 -445 0
-878 362 214 -681 0
711 827 458 911 1
-224 -898 -903 -637 0
329 -544 492 -487 0
-731 -115 661 51 0
630 116 1 -592 1
992 682 680 92 1
703 -640 -871 -36 0
444 596 714 207 1
-162 825 -318 -262 1
-367 -578 -717 -374 0
441 510 621 -233 1
955 -540 -677 2 0
148 263 302 -842 1
635 -342 -949 583 0
-494 694 -412 915 1
309 -968 -550 -594 0
773 -730 -766 566 0
493 -415 -889 -271 0
806 739 957 802 1
-835 289 966 -348 0
-893 -554 -832 -676 0
358 198 -200 256 1
226 -507 -476 28 0
-617 -764 149 674 0
-212 155 -919 -60 0
679 -983 -28 -686 0
849 221 -655 -699 1
980 -425 -800 -287 0
196 -632 79 -373 0
-428 266 454 -494 0
-565 -157 -571 -191 0
-927 -307 912 -481 0
784 -811 -562 383 0
-362 -734 -701 -42 0
-775 446 -420 886 0
939 -43 -719 -161 1
550 888 771 48 1
393 221 -589 -38 1
-31 -845 983 1 1
-573 918 -32 -797 0
-210 582 875 -751 1
-158 -61 -511 215 0
584 446 -964 412 1
134 -240 291 -34 1
92 572 -364 -449 1
799 718 752 953 1
-444 -648 -393 478 0
635 -929 -487 -871 0
365 406 -630 -310 1
-123 -742 -833 593 0
829 391 -553 -590 1
-341 -186 -662 831 0
16 -972 176 411 0
-169 516 -681 468 1
448 -840 -315 -887 0
403 255 60 821 1
52 -154 438 -571 0
559 -51 421 -700 1
67 -128 -989 -230 0
-42 -868 179 -747 0
665 -789 -666 545 0
-170 867 895 863 1
38 -988 406 -197 0
-12 -238 883 -892 0
-299 152 -947 -404 0
-356 80 -271 -263 0
529 -299 519 371 1
-647 -477 -183 578 0
163 391 840 -814 1
-169 518 133 773 1
212 -850 518 -40 0
397 -581 -659 -76 0
-774 4 -242 126 0
-780 -199 -734 -603 0
-154 568 722 690 1
-900 -585 -779 202 0
951 647 693 -561 1
932 925 62 793 1
-484 973 -317 778 1
-81 -676 439 -338 0
977 545 -508 214 1
658 -334 -923 -47 0
650 49 -878 -62 0
849 787 -713 -903 1
802 128 212 -655 1
669 719 -808 -197 1
391 624 971 339 1
-910 14 -114 -83 0
-445 -323 -893 497 0
935 688 724 -485 1
-226 -399 880 -507 0
782 -489 224 -377 1
-563 604 233 721 1
-621 -335 436 -789 0
690 548 -86 511 1
-651 594 -777 604 0
832 924 934 -680 1
884 -200 565 248 1
769 -270 712 694 1
-791 -836 472 -763 0
-934 206 -202 -677 0
303 232 551 -962 1
554 -54 955 817 1
-813 -176 681 -705 0
774 560 -660 -445 1
509 -291 719 -682 1
465 -111 -353 48 1
-26 -740 137 235 0
-33 391 949 -185 1
-63 -672 -354 374 0
490 -724 616 267 1
358 257 -251 189 1
-130 421 540 -274 1
416 -979 153 85 0
410 545 -773 32 1
-12 795 516 339 1
155 -49 -893 846 0
795 421 -106 -869 1
389 -770 455 945 1
502 315 994 -581 1
95 450 471 641 1
-805 -897 -981 -343 0
793 530 -44 -406 1
-948 -339 173 -316 0
-976 467 454 -324 0
940 -546 289 468 1
-245 -203 -341 171 0
-569 753 -86 295 1
-130 -764 102 -217 0
568 -566 350 -386 1
954 112 -967 -355 1
-51 629 -968 895 1
-244 -378 -194 -320 0
-45 24 -839 -820 0
207 -748 248 620 1
-42 972 -950 -823 0
82 144 -844 -44 0
-144 -352 811 -113 1
963 415 -295 144 1
658 437 -230 -355 1
-917 -217 -181 529 0
338 947 948 -146 1
-516 -516 -660 975 0
-762 -855 -436 -710 0
207 -972 -198 -872 0
-461 -247 -761 -242 0
367 -390 -483 -666 0
-197 291 -130 -332 0
234 947 -199 801 1
929 -668 588 -215 1
737 -635 151 114 1
-854 775 187 -188 0
981 -561 -268 -849 0
-326 -327 -926 -625 0
-779 -660 -491 -486 0
-864 -811 -871 -791 0
-390 607 432 -145 1
-945 -896 793 487 0
-890 -845 776 -101 0
100 728 255 948 1
-221 848 544 -268 1
665 610 577 130 1
510 -150 -702 -985 0
-879 350 -531 -713 0
-737 -395 189 665 0
-127 268 -817 863 0
-455 -15 -77 -123 0
-410 286 763 -836 0
810 956 -151 142 1
-419 552 -986 -990 0
697 -504 186 -835 0
-489 -284 385 -376 0
824 82 -459 951 1
-156 738 -31 161 1
-668 876 442 -187 1
-821 -336 -133 -465 0
-962 66 -30 -451 0
551 -786 -519 163 0
466 -99 843 274 1
406 875 -218 -442 1
930 -242 284 -404 1
-928 99 -903 230 0
640 -678 776 -210 1
-61 395 -898 798 1
-99 759 -953 -88 0
-189 -429 -476 -732 0
580 -258 -740 734 1
-787 -207 792 -893 0
563 -198 -41 98 1
-88 202 -261 -318 0
986 689 115 -452 1
-489 -155 141 694 0
-861 15 -707 664 0
757 -852 -946 -624 0
681 -869 -1 609 1
-393 818 843 -575 1
357 -95 73 -254 1
-72 252 531 -237 1
67 -13 677 -26 1
239 -894 387 -43 0
-122 109 620 558 1
-175 -105 691 932 1
209 -755 461 -838 0
572 910 183 -703 1
-46 -209 -281 -91 0
-163 595 -597 -616 0
-418 946 -481 245 1
582 417 -644 111 1
419 -107 142 239 1
271 -872 -223 611 0
-858 -622 -173 -518 0
-120 292 588 -185 1
-291 -986 -990 -694 0
671 -457 120 -804 0
881 -968 714 64 1
-630 -217 -209 -554 0
-111 -168 469 101 1
-713 -533 427 337 0
-899 -624 -816 -416 0
-657 111 229 -388 0
484 349 -444 37 1
199 -960 -761 -592 0
714 23 -158 -634 1
15 254 -843 -259 0
665 442 -469 -417 1
112 864 308 658 1
-989 -815 51 0 0
-649 912 -172 -873 0
-306 -223 -318 -674 0
-800 -881 -686 737 0
-595 -683 -430 719 0
337 737 -654 67 1
366 -520 796 -470 1
-439 274 693 473 1
723 403 17 83 1
693 133 -925 516 1
329 -206 -882 848 0
-610 -237 914 45 0
-163 17 841 49 1
-338 257 -313 810 1
242 914 622 -993 1
-628 546 -630 -733 0
-6 820 268 89 1
-251 -861 20 -402 0
916 300 -681 -58 1
-458 47 -295 -162 0
106 -909 920 -602 0
567 605 331 255 1
999 -997 -300 262 1
684 -496 -290 936 1
708 -760 -257 550 1
-41 373 -234 989 1
727 371 101 697 1
227 0 -40 -711 0
322 788 304 -184 1
458 -280 659 865 1
-174 -609 706 138 0
700 420 708 764 1
135 958 -383 101 1
-713 -416 -581 -673 0
-158 -328 971 686 1
-138 408 680 -498 1
-580 49 -459 -498 0
-251 -550 398 647 0
547 -621 209 -433 0
-153 -61 -519 54 0
203 872 -272 -713 1
-208 375 192 -994 0
-656 486 244 -502 0
887 826 321 -851 1
125 -233 -35 -411 0
-163 111 -654 -724 0
-890 -321 886 683 0
101 934 -510 -982 0
420 -315 34 524 1
588 761 -656 343 1
255 -128 986 710 1
810 -664 -389 804 1
-154 -451 98 -645 0
-902 -436 489 482 0
10 11 252 211 1
374 123 482 -122 1
-319 -530 -185 -276 0
-491 21 479 132 0
110 350 -981 707 1
524 320 -564 963 1
908 -987 325 -455 1
-702 537 -298 -995 0
766 173 940 370 1
-432 -838 596 634 0
-892 -265 -81 646 0
959 -945 -133 -577 0
771 518 885 -583 1
291 -355 904 -344 1
225 51 782 -721 1
462 472 140 -943 1
-695 -565 -983 246 0
549 -725 -959 228 0
-970 251 749 135 0
-559 -380 -160 -77 0
-908 -617 -97 -735 0
249 851 -282 551 1
751 -811 -962 459 0
-711 337 97 223 0
700 -99 -739 -962 0
-982 58 119 219 0
151 -46 311 -184 1
-593 -458 -44 -564 0
-918 -624 553 795 0
746 -109 -680 281 1
-96 96 753 -706 1
-654 131 419 373 0
980 408 191 573 1
611 230 -725 186 1
-327 18 -347 -519 0
750 22 -299 733 1
243 -41 -208 823 1
-394 -928 -754 -148 0
446 -380 884 13 1
-26 478 299 134 1
-732 -759 351 964 0
-679 -168 -485 -335 0
969 943 750 101 1
-441 840 -113 183 1
402 612 792 888 1
-602 185 92 270 0
727 -301 -871 938 1
-320 -245 927 -78 1
888 -415 202 -685 1
-197 -458 799 -16 1
-240 -575 -333 -566 0
683 -305 99 340 1
-269 936 680 -665 1
-355 -338 275 843 1
-279 177 -448 -79 0
-581 -798 -976 186 0
365 520 -246 117 1
-269 -221 865 -101 1
-100 -165 772 -748 0
345 961 -943 -709 1
-455 308 -347 -364 0
-816 20 -921 -125 0
-190 790 -488 -98 1
-50 479 -962 -600 0
608 32 -535 404 1
-855 776 -764 244 0
250 899 293 904 1
-520 -687 -600 -771 0
181 -128 -528 -499 0
270 458 -717 750 1
-242 866 108 -140 1
-202 533 -992 -519 0
88 993 -943 -420 0
-674 118 349 4 0
-929 -943 684 -632 0
-419 305 -644 400 0
449 691 935 -718 1
-973 -454 408 591 0
-765 -806 449 543 0
177 928 -175 228 1
448 -256 -249 342 1
589 448 -572 353 1
131 711 420 676 1
533 -643 -443 -184 0
796 930 -903 110 1
397 -182 -224 -483 0
783 -541 695 -638 1
715 346 -790 236 1
638 -633 28 24 1
950 526 129 -313 1
447 -266 -297 -495 0
647 -286 788 -573 1
-699 -116 290 -316 0
12 -845 176 2 0
-671 -47 914 153 1
-777 -234 723 444 0
642 166 -851 -143 1
-563 -151 745 -444 0
-111 -213 150 -864 0
996 -920 -401 738 1
925 -768 -225 -803 0
-350 -695 545 -334 0
800 763 798 233 1
-362 -181 271 617 1
-46 883 -649 -64 1
-845 -134 222 -336 0
348 558 251 -110 1
73 -628 -936 -397 0
903 945 612 -936 1
-567 -561 638 64 0
840 -790 -429 -884 0
915 19 -679 267 1
349 919 -229 -655 1
104 -135 975 566 1
-571 930 784 688 1
542 -920 -374 -937 0
-921 -292 160 589 0
681 -779 -555 848 1
-518 500 -516 -338 0
946 -700 -718 -922 0
387 630 -412 979 1
803 382 535 -134 1
-653 -435 -587 -801 0
-947 -92 -842 326 0
322 -636 226 -574 0
-254 592 -780 778 1
272 454 -189 889 1
940 120 506 -125 1
-717 234 -351 477 0
665 -1 539 706 1
-202 449 -152 404 1
841 392 816 211 1
680 663 -126 -970 1
-880 -695 161 -975 0
-169 -60 -424 768 0
231 -987 187 -514 0
-352 539 -388 -308 0
-578 -372 269 -130 0
647 -805 116 360 1
-954 654 -147 709 0
294 19 -834 -214 0
716 -728 -654 -411 0
-338 822 533 -456 1
-95 854 969 539 1
-779 477 -68 -331 0
-52 347 999 -893 1
-472 -455 57 196 0
-564 430 117 876 1
-693 -108 -574 510 0
-445 -710 -461 934 0
-277 46 559 109 1
582 590 714 -957 1
104 384 -207 454 1
-277 -465 532 182 0
-67 -364 -827 -920 0
230 -563 -517 528 0
495 -358 701 -442 1
-616 -620 866 -493 0
-254 370 -918 -482 0
405 80 -551 896 1
-936 67 -964 339 0
428 -911 122 423 1
985 -962 -872 526 0
599 -738 -636 797 0
-3 -336 719 -557 0
-526 168 375 886 1
1 -692 -712 111 0
-827 401 -510 155 0
-28 659 64 12 1
225 -55 956 -966 1
-126 -88 -116 94 0
561 121 375 -699 1
850 -57 -828 -365 0
400 -68 745 172 1
-259 -579 -906 670 0
-599 386 894 135 1
-831 -123 -396 798 0
807 142 -455 -849 1
102 803 -31 -477 1
-551 764 663 -436 1
-630 620 -537 -735 0
953 768 52 -43 1
-675 -3 -71 571 0
482 -375 -124 28 1
-141 24 -837 50 0
-839 -827 -445 -417 0
668 459 -594 -323 1
22 127 -910 125 0
788 768 582 -1 1
788 499 525 -877 1
-481 -752 -688 -915 0
615 -993 409 -716 0
-174 -998 -19 -825 0
100 -319 -604 792 0
152 -194 -725 198 0
788 -54 664 452 1
-384 482 252 -153 1
-661 -589 785 635 0
-675 -107 604 -832 0
797 372 -540 178 1
882 738 -260 -195 1
-345 918 -508 -408 0
-392 -653 -196 382 0
443 -263 -696 -55 0
948 -685 528 -661 1
-345 -151 126 601 0
-534 -562 999 788 1
315 633 422 798 1
37 774 -83 -777 1
-604 629 856 437 1
-223 282 396 -124 1
-818 844 -882 -318 0
-883 629 757 492 1
922 -103 -822 422 1
321 447 -904 -584 0
898 630 64 -384 1
-123 851 -376 -579 0
598 393 -383 -856 1
418 -980 124 806 1
-474 -541 -686 -281 0
428 407 516 -613 1
758 146 -513 -810 1
-849 355 -420 -311 0
668 -968 -737 -860 0
-625 -852 120 -313 0
134 -220 811 -113 1
596 -430 998 908 1
158 -368 154 178 1
684 -660 255 570 1
-763 478 897 -399 1
-921 -258 230 -583 0
-974 885 669 -600 0
-870 -276 -560 -537 0
719 -1 -574 784 1
682 -369 826 -946 1
60 -728 -110 -247 0
940 316 -904 -260 1
763 -82 535 324 1
-446 510 695 443 1
-762 725 541 -855 0
689 -693 948 -662 1
-657 120 -149 -718 0
484 -48 -742 -989 0
223 571 -305 249 1
-480 -347 333 -480 0
-261 618 452 258 1
939 760 -888 709 1
936 562 -357 -456 1
309 476 993 -676 1
338 -673 -642 -653 0
830 20 -167 469 1
512 462 748 -669 1
334 -128 -699 -401 0
626 -185 39 -358 1
662 274 248 500 1
170 546 501 -233 1
-71 927 -881 -718 0
535 472 -841 84 1
-818 559 -99 891 1
380 -507 653 455 1
-919 -71 769 -656 0
-811 640 -284 -805 0
-59 429 -893 -496 0
-971 928 443 -354 0
974 -734 228 -959 0
-348 30 249 -352 0
295 -449 -230 -190 0
-405 -353 992 -427 0
342 -906 -582 -780 0
177 776 276 -687 1
734 -282 410 301 1
-532 -847 -891 -199 0
781 -882 -702 -515 0
-527 -208 -807 -389 0
-897 -124 97 -439 0
-217 38 -531 -1000 0
797 58 -924 211 1
453 563 453 -415 1
813 -950 432 -600 0
322 424 -216 -762 1
963 -859 -983 823 0
-916 643 822 -556 0
517 -571 443 -71 1
728 134 -299 590 1
-995 855 610 894 1
653 852 -110 132 1
-109 873 -930 -761 0
-496 -528 -100 377 0
823 -223 418 563 1
-384 639 -391 27 0
542 -388 584 576 1
638 -131 403 733 1
-160 160 -187 -219 0
181 727 -171 -397 1
856 -665 -508 1 0
-175 359 -377 -936 0
-895 466 -347 -302 0
318 282 -229 462 1
481 -538 807 223 1
29 -585 44 -717 0
-534 -434 -732 -760 0
-661 -441 -407 -580 0
233 -447 -666 576 0
454 -456 -198 578 1
760 641 412 827 1
-307 -672 -830 -545 0
-659 -559 -38 661 0
-275 -777 440 -861 0
-183 -10 -731 -565 0
-51 -984 -814 -361 0
668 -443 -689 -401 0
338 617 144 908 1
-932 985 -931 196 0
-55 738 943 -47 1
-281 -13 126 -426 0
885 -129 965 -814 1
835 272 -122 411 1
800 -247 897 -103 1
-759 503 704 280 1
-151 371 -677 306 0
682 -795 -949 -439 0
-982 -104 311 -508 0
899 -373 79 -884 1
-509 409 842 717 1
7 -396 -216 -760 0
459 -161 475 395 1
827 -691 818 393 1
-809 868 -564 86 0
-738 -769 -852 921 0
822 -367 857 -962 1
-66 -241 350 -934 0
27 441 -829 369 0
168 429 427 -867 1
-948 -11 -171 -191 0
191 693 -492 89 1
-581 643 -187 -228 0
-249 -759 588 754 1
-488 490 -968 204 0
-329 617 19 -133 1
655 -124 -710 915 1
448 125 39 955 1
561 29 -262 -618 1
-674 -171 -599 928 0
-440 223 -761 -306 0
-192 -1 -566 -732 0
227 -303 129 479 1
707 -949 -3 374 1
-932 -201 23 956 0
320 485 -53 402 1
684 -253 -524 799 1
35 -473 959 -918 0
-995 115 -898 -563 0
861 740 194 -67 1
-872 -951 -635 137 0
111 773 585 -862 1
816 -351 92 445 1
-913 -686 976 603 0
-387 377 -71 -869 0
-872 -877 -695 -577 0
619 -289 -745 860 1
-750 687 277 -256 0
-56 258 -56 -506 0
-599 -753 644 138 0
488 -160 -992 698 1
464 28 -373 494 1
-588 314 -1000 -213 0
138 -69 214 445 1
-866 141 -899 -323 0
-395 570 -286 484 1
895 40 -190 721 1
-345 658 -310 77 1
810 -655 -475 -778 0
-552 910 -179 740 1
-987 -592 -215 -691 0
559 877 -591 197 1
-206 81 801 584 1
871 -110 -339 961 1
715 872 823 672 1
266 533 206 -1000 1
-17 670 -414 -116 1
-320 -717 -970 -390 0
-54 304 306 564 1
302 -171 -555 -84 0
-511 367 -738 -914 0
-870 -554 -177 668 0
47 101 -645 487 0
-767 141 756 627 1
-200 -540 621 602 1
994 891 845 -694 1
928 -431 -859 309 1
686 -261 -947 -296 0
673 48 -932 -206 0
451 632 -448 44 1
-595 126 -521 746 0
-547 -515 -398 -326 0
116 501 119 872 1
-215 -893 -553 430 0
-234 207 -37 -99 0
-343 -993 93 -160 0
-895 -313 -891 952 0
857 27 164 32 1
814 996 90 497 1
-315 -59 -857 -42 0
932 -476 795 -5 1
-628 -544 -383 455 0
-836 -394 560 -372 0
-115 -525 -178 -238 0
-762 421 953 169 1
496 -166 534 -940 1
-247 319 -632 546 0
-829 766 802 649 1
223 500 -703 811 1
512 301 -685 263 1
-950 200 497 -331 0
74 416 -883 619 1
-42 410 931 -119 1
629 46 -990 -332 0
-153 -579 -882 -592 0
893 144 -338 234 1
646 -20 -942 -4 0
-7 679 -746 -294 0
-497 725 154 991 1
-437 -726 298 818 0
-522 715 -652 193 0
975 -335 -168 -684 1
567 -397 67 -950 0
285 -182 -307 577 1
-235 -245 -259 -803 0
-363 -230 539 -906 0
750 690 -973 83 1
-238 561 -443 -229 0
743 152 -712 536 1
-149 314 -462 319 0
-425 -913 496 12 0
588 -638 124 -523 0
868 298 393 866 1
-264 337 470 787 1
-87 159 195 216 1
617 -377 593 -2 1
954 -891 906 -546 1
-535 248 -823 -477 0
163 -102 -19 36 1
439 -113 323 -339 1
-140 -322 -873 -640 0
53 675 -617 -258 0
-417 34 -891 215 0
-690 8 952 646 1
484 153 884 -880 1
712 -652 341 724 1
429 534 -486 288 1
636 -85 908 -57 1
-827 -448 -69 -383 0
-840 -953 -406 -205 0
-900 195 55 89 0
-129 -240 902 -320 1
-238 -886 264 860 0
465 682 426 564 1
381 -724 992 405 1
565 -22 612 533 1
984 58 -791 -574 1
887 691 -776 -907 1
901 609 226 301 1
-574 876 740 366 1
-378 -204 -843 247 0
-584 621 -891 572 0
-866 -997 250 -111 0
-373 154 -187 -544 0
-602 15 -349 -743 0
643 -747 -736 317 0
762 603 30 -794 1
600 800 -208 94 1
971 992 416 -973 1
776 620 -99 -686 1
-82 -461 483 68 0
-113 156 -383 -452 0
-660 629 -551 934 1
-851 134 -975 488 0
-419 -451 -503 -542 0
555 349 -311 -808 1
-623 -740 462 -616 0
-106 128 -631 -297 0
-17 834 523 -292 1
938 526 -556 735 1
576 -380 -632 872 1
806 206 -438 -345 1
321 -378 -600 202 0
-435 624 132 282 1
-912 -641 580 -302 0
499 978 -613 -757 1
843 282 356 -331 1
-543 -336 757 541 1
-918 663 462 93 1
239 855 707 557 1
733 -559 -437 548 1
-746 -611 -949 -468 0
623 -519 -678 584 1
-868 532 470 30 0
-298 -484 -163 -363 0
-503 224 511 -849 0
-87 -936 -473 -550 0
-377 867 302 46 1
403 435 541 587 1
-53 949 -305 -375 1
155 416 -170 884 1
315 690 -689 -554 1
-575 697 180 964 1
551 263 355 559 1
933 201 575 408 1
272 -429 -987 441 0
505 -194 778 -105 1
503 -976 661 -732 0
-680 954 694 894 1
222 -714 686 147 1
235 389 -449 -90 1
210 -883 267 -655 0
909 8 283 -874 1
828 -328 407 -101 1
-614 222 -101 822 0
-932 495 -697 -670 0
-800 -56 191 423 0
-759 407 638 -764 0
-54 155 353 -382 1
-639 -318 -196 -406 0
-939 653 205 -476 0
-974 -932 525 -957 0
-931 381 -92 -444 0
-630 -57 -687 -851 0
